159321
0.135
157142
0.095
104638
0.099
24564
0.098
38782
0.099
101788
0.156
106756
0.097
165243
0.109
229523
0.103
78044
0.099
252532
0.100
198342
0.098
188135
0.098
55520
0.096
1510018
0.096
671960
0.099
487075
0.095
299474
0.108
81361
0.097
80383
0.114
452808
0.098
71510
0.099
61195
0.096
401424
0.097
65632
0.097
133083
0.102
655072
0.096
932629
0.098
46211
0.100
63900
0.097
75373
0.096
511127
0.100
32795
0.095
247600
0.100
492
0.100
173829
0.100
14113
0.098
30405
0.097
348240
0.095
29105
0.102
32495
0.109
982508
0.097
41478
0.097
310548
0.099
65895
0.098
6430
0.100
93016
0.101
99445
0.099
164083
0.097
175426
0.099
