881218327722
446844761718
980759222586
90210878474
958910968713
272502964798
259774090974
357148023482
108499896799
409739998290
529279012150
670931714321
6890944459
681201381338
649400603115
538989989540
371822978143
557458546292
275053759253
514017117739
876902472822
584839813084
87019171675
603768251595
316093729356
733954217494
552164990650
184006055744
752923665140
965325360623
959996989349
103669310901
642430096717
284164472909
874725441267
475389964472
193501898877
119437402526
377068242184
620275890805
799033318260
84388540732
569677648138
421037663205
361599716721
775244112782
932290344770
792453114466
197348141956
684711410543
952016876677
78772521820
693924572020
920999449881
144252352874
206627974615
332761781310
494639573875
779343698240
269882518209
243319244489
258403183848
894853274857
33312284550
856902005559
652098314416
588480177058
397898286677
654130720249
338680357712
715810239922
994859757763
857791608015
715744850796
90114139368
709673651940
906033382871
326657965801
729022212923
106092111272
59085642073
400883880860
575470338535
723087674900
246588487142
238584721624
44450726078
916479522475
410908142105
162976495714
204360367757
668509496041
801133910678
896635778439
563455180326
466476481315
112067041490
184474385312
922643650345
914319062377
