1039
16.311
17
16.619
382
15.986
225
16.131
227
16.315
172
16.014
185
16.768
2933
16.114
371
15.957
958
16.064
1945
15.940
368
15.692
339
15.801
586
15.857
488
15.967
589
16.037
505
15.812
1264
16.042
989
16.172
149
15.893
392
16.354
310
16.215
904
15.908
1047
15.944
428
16.442
1193
16.050
52
15.987
404
15.729
375
15.821
705
15.765
439
16.153
231
16.270
225
16.493
6615
16.445
455
15.989
1948
16.001
2827
16.658
11
15.806
1447
16.191
62
15.830
2805
15.885
269
15.938
410
16.117
587
15.931
1526
16.332
708
16.114
1591
16.127
48
16.274
431
16.027
2749
16.044
