1
16.732
255
17.092
86
16.997
5
16.832
63
16.708
316
16.934
33
16.705
7
16.617
127
16.471
362
16.627
19
17.012
16
16.423
221
16.789
70
16.523
562
16.634
9
16.623
125
16.612
106
16.636
39
16.578
1
16.711
264
16.659
14
16.526
286
16.567
13
16.624
440
16.713
191
16.704
154
16.574
106
16.789
217
16.704
111
16.804
441
16.744
15
17.204
45
16.752
13
17.461
159
16.672
264
16.592
105
16.655
17
16.665
333
16.698
10
16.772
17
16.557
91
16.700
488
16.827
31
16.730
286
16.566
264
16.744
291
16.734
202
16.819
137
16.917
163
16.604
