201
16.017
1292
16.182
1226
16.066
120
16.041
50
16.364
886
16.105
928
16.020
1207
16.030
1333
16.030
16
15.964
124
15.894
490
16.061
4851
16.110
1200
16.113
5978
16.018
1444
16.207
1907
16.028
658
16.015
905
17.368
555
16.191
3574
16.002
402
16.103
2109
16.240
1654
16.053
3924
16.077
787
16.021
382
16.087
1643
15.918
1733
15.956
1692
16.184
1397
16.013
513
16.089
1885
16.169
304
16.118
4308
16.192
1123
16.004
1599
16.170
311
16.069
110
16.010
651
15.957
1025
16.096
9566
15.980
612
16.018
656
16.071
379
16.055
940
15.986
2326
16.012
761
15.823
3227
15.897
2340
16.125
