1045873951
0.462
55441935
0.377
404268470
0.381
169392853
0.375
168726375
0.372
560511482
0.401
305833085
0.385
339352153
0.375
620140889
0.380
244366622
0.377
157431789
0.393
513660542
0.383
212229759
0.379
75905268
0.363
502403082
0.388
272408483
0.382
428610853
0.381
485611044
0.397
335188083
0.381
112766201
0.380
3369801702
0.377
107285426
0.376
291578978
0.371
432521057
0.391
19733494
0.374
4413797
0.380
593135278
0.382
326000044
0.375
616185149
0.368
511220565
0.388
311211323
0.376
495858599
1.379
317938119
0.375
733181521
0.367
262810167
0.392
479402246
0.366
148017715
0.371
80540163
0.384
313349083
0.392
68251940
0.375
6927233
0.373
91387049
0.386
166237540
0.372
215612331
0.365
406949118
0.366
865874172
0.376
24842839
0.386
398702178
0.374
9483193
0.379
1568518207
0.369
