11383337
1.424
854001846
1.259
300660756
1.316
226349864
1.290
152460136
1.278
210896428
1.617
921030552
1.300
441670591
1.311
238830619
1.281
523188904
1.311
28921886
1.282
218351656
1.293
619625523
1.289
197107472
1.323
432077406
1.284
263983594
1.327
82861355
1.276
182855036
1.293
11083779
1.270
89315631
1.297
66058938
1.275
234052846
1.308
271214641
1.279
142656536
1.298
280998546
1.334
1180311709
1.305
149103446
1.323
131943503
1.304
394212451
1.292
22041836
1.304
298062979
1.301
269145209
1.288
81524721
1.293
88557662
1.279
138922964
1.300
268118281
1.297
93366885
1.297
229032107
1.291
812062858
1.274
765838313
1.291
273655851
1.310
839271286
1.267
325344662
1.288
26253522
1.304
27167975
1.313
73828720
1.272
81702192
1.297
113389931
1.297
482596457
1.347
5649576
1.338
