458660137
0.441
664772716
0.391
283763768
0.397
273850340
0.418
96767554
0.394
427800864
0.399
99023868
0.392
340670915
0.396
316459667
0.409
497181336
0.406
1114871256
0.409
207233136
0.404
153714119
0.404
251617494
0.403
89312704
0.395
4713308
0.406
413719609
0.409
914357552
0.399
68885915
0.401
52302955
0.397
72493786
0.400
9300086
0.392
431034317
0.401
98813046
0.407
262056928
0.393
425368161
0.399
897882674
0.402
29023711
0.396
1282231445
0.401
211771450
0.397
6984485
0.396
305936169
0.418
61465611
0.404
1136357862
0.395
22718790
0.387
861859123
0.395
85714135
0.397
5577031
0.404
308679392
0.403
556993279
0.392
616300677
0.409
70618008
0.393
464093922
0.390
157942320
0.403
950690295
0.402
144548926
0.393
120979002
0.398
241085721
0.405
337504925
0.390
945425670
0.406
